edition,name,count
"opc2","Grand Ossuary",1
"opc2","Hedron Fields of Agadeem",1
"opc2","Mount Keralia",1
"opc2","Nephalia",1
"opc2","Orzhova",1
"opc2","Trail of the Mage-Rings",1
"opc2","Truga Jungle",1
"opc2","Windriddle Palaces",1
"opc2","Mutual Epiphany",1
"opc2","Time Distortion",1
